Vmax_Total=-117771.70725669122
Vmax_Dihedral=592.4257162383201
Vmin_Total=-120871.15560614737
Vmin_Dihedral=410.0415719791794
Vavg_Total=-119770.69455232212
Vavg_Dihedral=464.1617028232515
sigmaV_Total=310.9055249216457
sigmaV_Dihedral=18.322100513131286
threshold_energy_Total=-117771.70725669122
threshold_energy_Dihedral=592.4257162383201
k0_Total=0.06259776975173154
k0_Dihedral=0.9741367419078797
