Vmax_Total=-117384.9250936409
Vmax_Dihedral=671.3743700365667
Vmin_Total=-121098.69936407614
Vmin_Dihedral=383.7597095735887
Vavg_Total=-118269.89798210803
Vavg_Dihedral=575.7279121978361
sigmaV_Total=221.08451767051451
sigmaV_Dihedral=24.035988893999026
threshold_energy_Total=-117384.9250936409
threshold_energy_Dihedral=785.5491599873288
k0_Total=0.23825396512746586
k0_Dihedral=0.7158342763026969
